1  13.51372985398308  45.03355641150783
2  15.075594712855686  55.97440969831794
3  19.71316191003929  50.68096395347217
4  15.931428517985147  50.22754985912335
5  14.874819905855482  47.48073813550022
6  13.931568274820258  58.75769963677742
7  17.750391979981984  52.17779757677617
8  19.91088607568684  56.65212370151623
9  16.340539350305328  45.22907187468091
10  17.19164185133713  56.24288705919632
11  13.176362915995153  57.5388483296069
12  12.797565355584442  50.89661108407024
13  15.947518720090532  59.145845954945344
14  14.161353315861934  42.044309247066984
15  12.493732854115349  58.01301178314578
16  17.338624421549625  51.90394731847631
17  17.375307898982374  59.3571693418334
18  19.592419813320745  55.481184780809905
19  13.111701839385159  57.28176512503505
20  19.159418436493123  57.23567752216485
21  13.997328024640957  45.88289167554521
22  15.302253739571894  58.13141293871926
23  17.37456424244293  56.337279798306206
24  15.671711216543637  46.88567770796201
25  13.340350911917927  51.16379285822804
26  19.124988337628313  54.822714009357156
27  13.955246731078876  49.93245964638682
28  18.432603986367575  59.255448881462684
29  13.056524976951785  48.05035735326425
30  17.804771981240513  49.20686946946867
31  12.062924216983646  45.26611225628154
32  15.451934000832736  50.82629607675226
33  16.270746069381318  45.242486563892186
34  19.526551919144907  54.94337924297427
35  13.956311359901413  48.66087696010116
36  16.46531436363525  53.789791080268905
37  15.213337619461939  44.317202661764696
38  17.888663395029162  58.20925079513755
39  15.699501399659287  42.79754957259722
40  16.85422283212859  55.835283778476224
41  19.901814326581256  51.51700901965876
42  16.981487609038098  48.83356466554412
43  15.627693717633402  58.25968632005129
44  18.515811115338032  45.173242661485794
45  15.414003828358682  54.540305992999855
46  19.682666970208405  57.0099227583607
47  18.31160078696969  42.647206428463534
48  19.469398745461525  53.77627645445704
49  16.191434392409086  57.48627852673943
50  15.791422683587534  52.42778509005164
51  15.435920202462624  46.14979534868836
52  18.820144740477037  54.51925880984304
53  18.398906810270592  59.1088226996635
54  17.67847189451227  56.53136797817487
55  16.71445128675121  45.614337420684954
56  17.06279716309492  47.389671543872545
57  19.86253758973255  44.98033599626595
58  12.217683699045182  54.20132032024201
59  19.532351435431117  44.54891796933684
60  19.702508181970096  43.74769690097314
61  19.997146599051852  51.86309081845678
62  17.62159403060155  57.749720621626814
63  18.744727631631875  48.74172395918571
64  13.39979296889209  48.836685348360206
65  14.875601983671304  56.68176121656308
66  13.547596847042136  50.40221723562339
67  19.894210892300343  57.4386014476969
68  19.248816878409556  44.13937181072538
69  17.5585789543789  51.66999053096703
70  14.04404921720959  59.9984322380314
71  17.532803887886224  57.61568334627164
72  12.5498964985808  48.112050946199616
73  18.21340449718675  51.01524565584829
74  18.326582801871034  56.67031376876715
75  19.758787687262352  55.80158661153782
76  16.304907191019517  42.40031076755818
77  15.253877268067276  43.06141931615236
78  18.504228452940243  59.879872748719755
79  14.394861204896795  45.16037829209952
80  16.36858912059132  46.891828254988596
81  12.55180706781162  57.08674229912473
82  12.989409583754586  47.309998631441836
83  14.727739013442484  42.467402159894355
84  17.299953434505202  43.27541573723346
85  13.746987819989837  51.13339608958451
86  12.829040217827753  54.39232715321683
87  15.34392080283795  42.31553696658831
88  14.148438957209372  45.35664095928034
89  18.03479449529057  43.24691262732189
90  18.974401253782574  47.41419866149266
91  15.711531234988591  48.122244838565756
92  14.878253477248446  58.49654298917058
93  17.93008255514783  48.23368204643981
94  14.414741665884385  59.20165870243365
95  17.794942077996613  49.14206165735422
96  16.12052556581472  55.35288439849831
97  18.671997603395898  58.52487373721616
98  17.466803473069174  45.03126100589694
99  17.78240553421975  57.96801857858896
100  16.637313052503  42.76741883867819
101  16.433115209311595  43.81251642631989
102  19.580373489041452  45.510520963012134
103  19.395225978402188  47.83385698901619
104  14.79561851677277  48.12162867526903
105  13.40528040071236  44.91745366165265
106  12.659735285484938  59.554963265807736
107  12.306907895473355  51.79982304656267
108  12.925178760934022  48.0001340942108
109  19.787592136757283  44.32170330463523
110  19.434396172615585  47.14613724272761
111  14.075692409054923  53.644481645407716
112  13.149452858710017  53.6452453024286
113  17.359333387754997  44.263842393107936
114  16.468452368862074  50.87452548907369
115  17.55504191265023  59.11291944288021
116  16.430377949884498  53.71651028625401
117  17.062666387729386  59.847025248952775
118  13.775731934218818  55.14324353083512
119  16.211949142935506  53.858416321848985
120  17.300113308918977  48.51289318492449
121  17.706631784085385  44.83671912348707
122  17.195572553154705  46.434808569244126
123  18.685677207006883  51.421634093986576
124  16.027618302584393  58.88939357593348
125  15.205674146125148  59.222739510300606
126  16.875165917939718  49.854492047343605
127  19.856128091553643  48.8768749963808
128  12.483909757427199  44.4412087962895
129  18.026113529066883  43.94343028750083
130  19.001572422170852  48.709440982993655
131  13.968943512743103  50.517261556396946
132  17.000833443394185  48.63957705913068
133  17.61569025200752  52.733422280169336
134  18.4813356063146  49.00114199031403
135  12.61883162267861  46.60396680490301
136  15.735793565788462  54.04331138618669
137  13.794826401863556  50.366033094457634
138  13.031733809129845  50.50483053196511
139  16.11666948526424  59.294886764318164
140  12.342131252771091  58.221913567157664
141  15.537960380040772  57.05952564446908
142  16.067897045193888  57.45514318388465
143  15.038084265181475  51.96060991309005
144  13.459035982425295  52.773679997819194
145  18.729831931307196  49.85736108756221
146  19.236007212143498  58.253444342489104
147  13.60576077731511  53.38961116121689
148  13.903158839135056  53.48339529339957
149  14.079080817865645  45.921200730941436
150  13.025442436751995  53.98976105889031
151  18.364505004128187  44.15443314312805
152  12.691020346976213  49.37401026965617
153  19.1730604706331  43.1215364205223
154  14.015403347052942  43.83221666154446
155  12.41752441061351  58.46286797290696
156  17.47543241308329  57.330811529600865
157  13.647994570451559  42.77920601256349
158  12.738486702623703  54.58762426590079
159  14.152365387088592  57.41850560232735
160  15.194786321389095  57.95576600763197
161  19.255756936272704  45.582450981933164
162  13.970958079524312  49.73260875869645
163  12.383101196361503  48.78007482486177
164  18.10278960835308  46.99268156543988
165  14.331761042833321  57.87971753468577
166  19.220444211899625  46.489082938089226
167  17.101457095647127  42.27787166248444
168  13.571338607090901  57.29749362096412
169  12.882458912880061  49.03166068353381
170  15.004988665628208  51.73501174340576
171  19.00789764274132  53.72644658048488
172  19.95141175469168  49.418718295994
173  13.882292553906067  45.640875056314485
174  14.300849054440725  52.53012849304941
175  17.39532324086285  54.550200968361096
176  12.146119818000738  54.9728553270437
177  14.901404239019131  43.50323736611927
178  17.694802496393788  53.04426904649374
179  18.08736639808089  49.59318040702969
180  17.961232461843103  59.01660998591188
181  14.5677171703207  54.045603578272676
182  16.10342384550605  55.55304713590023
183  19.643065942536158  51.24090481413576
184  12.244159676869664  48.56264549928257
185  12.800398591565035  57.88898809647847
186  18.057872164291894  52.44062752260831
187  17.525922551520388  54.73417379287112
188  15.18144028984803  49.174800718249784
189  19.858096008138624  51.39765787357902
190  13.128702436578426  42.14137354966421
191  16.527415435715227  50.32580849759279
192  12.22469038921367  49.093120851390665
193  14.459285232998303  44.76183763562568
194  12.182509327228795  47.136844457715156
195  17.427616945532492  58.31307094252809
196  14.736882554069364  44.067859561577635
197  15.199006423328695  42.44459473545025
198  14.513953408832506  52.37176329864345
199  15.595480744857884  57.571252120397865
200  17.899354698023018  56.91875752173067
201  19.467072095168763  52.65038614433169
202  14.895182887337917  46.78600514155608
203  17.895847049998196  50.281487240420674
204  17.788280543276844  44.079448698866806
205  19.520458084786547  48.80940733860688
206  13.51861860667046  56.647488875061214
207  17.303452821078633  44.88385144551798
208  16.067757386465523  52.55201124602074
209  12.08885848106957  42.21039519556296
210  14.2888962331287  51.926899831913104
211  15.610614807670967  47.783046353645865
212  19.340195321097944  54.41703746713923
213  13.730570583922145  58.96075139869308
214  16.55630047160288  46.06937584705304
215  18.742755863319864  47.876956858950564
216  14.342799305394475  48.11071804786144
217  18.991365232966658  54.45612688877768
218  14.781799828100793  47.23560668496303
219  16.381065188986234  59.99826414406037
220  14.411291020038913  52.25267239286146
221  19.29241173447917  45.0729641209274
222  14.134721594216149  57.11179926531838
223  13.31582999224251  58.73777724712738
224  13.850543542353824  43.09437816001247
225  14.098453281995827  53.51146100272644
226  18.131600349083964  44.527432600337306
227  18.531916767018913  57.436046919239956
228  17.194955778659647  53.993893130370594
229  14.734056942997883  42.18893741688854
230  18.120736204954508  59.24844653434866
231  14.261745129639088  57.119195466285866
232  12.008844787255661  46.951631492588334
233  19.21091705982738  54.58734874481619
234  14.771138616083851  49.61808491158994
235  16.517965211661135  49.35496931832232
236  16.72871390980707  54.82653874942763
237  16.350079375827804  47.39510456196276
238  18.66263052743069  54.90844998293784
239  12.158546362374594  43.88246096413582
240  17.806635462411343  59.90033790017496
241  12.377201557577894  55.793713762697095
242  16.550838845768716  58.73186687263525
243  14.856885004095956  56.929360548944445
244  17.184603651666563  47.03099806783684
245  17.947239826517432  52.057709978100505
246  19.212160486503976  55.32461920915331
247  17.52973960585532  58.404401528734
248  18.070982734700657  57.50371679738414
249  17.30290503110122  56.77190098164621
250  16.323586231608736  46.010271352510244
251  13.255502519988188  45.49538652126691
252  15.416320584644767  57.74462177257992
253  14.218200647664485  58.94839769584031
254  15.447070245078585  59.249236755317156
255  15.634007982110685  49.729358482710275
256  18.318471485625096  56.18188823765209
257  18.98570828393588  43.86682542004732
258  13.634100921192367  57.352436822743925
259  14.374925707173762  53.181863760070264
260  12.126137540727452  48.33775430440622
261  12.518401105905063  48.97950126405824
262  16.74935208844368  48.90469683282159
263  14.307676849559815  46.776431610820325
264  12.656270467567396  52.52541631162606
265  16.049503953092533  43.37480520768565
266  16.798717536474015  51.18561431440996
267  16.68621321797172  52.47469972886491
268  17.00383431924192  45.554989117134404
269  12.023409604329608  51.957278134555295
270  14.456283515729892  47.95419534677224
271  19.44622497715337  52.99544527860996
272  18.299710803106777  43.1285299932994
273  17.76220376785365  57.503163709953796
274  16.300240607663138  57.72852417842569
275  16.052901595810457  54.99384918509059
276  12.997861651205014  50.00990494433273
277  17.511381082420193  48.07469235083492
278  15.309248127951026  52.56565720759146
279  13.479419294712716  53.4426784970358
280  15.515965684135322  52.54684852645415
281  12.87924534962092  55.58015708418906
282  16.485557413732224  52.8159154109502
283  19.287377079525783  47.371487290149325
284  15.940104282711513  58.47449315346075
285  15.263944559869385  59.51992817012439
286  12.413403771636418  57.768627525992144
287  13.430567890188113  46.31585119725009
288  15.028305502663775  52.094534059670366
289  13.742304897775224  46.203857087506215
290  13.02556533108297  44.33740501499519
291  17.70116016712199  59.500351661879535
292  15.219820593304355  57.778552436096184
293  17.451082705477873  46.95341139295275
294  16.1418064669445  48.79595849742947
295  12.929136309703562  53.251377022753275
296  16.35603341756002  43.35866472611322
297  17.959722428054967  56.4482904464314
298  15.40389987797779  46.279335841104654
299  14.303600324646537  55.63553539316755
300  12.757330178425532  57.673505540247206
301  17.304686603966406  52.151054312711025
302  16.509427826223842  56.54845158553293
303  19.086519795108895  42.54235469828661
304  15.63093535985768  59.925560093753454
305  12.652291872412164  53.00454889153196
306  15.589670186557445  47.697389309122975
307  17.20471052129955  50.27251409309281
308  15.229145975675443  46.09531535204367
309  13.65007775180305  51.85839366994789
310  16.833735152026648  56.89596459817697
311  18.177774705683525  48.06988944330871
312  19.596028563374322  45.211619610975006
313  19.306288197691238  50.770175526494604
314  16.28083311893541  47.00543811608774
315  13.107200508744377  55.083338298925845
316  16.09900524191579  43.3353927541448
317  12.799753644093805  46.142319768795595
318  17.98968531883409  53.566346352553005
319  13.469521218304951  46.967864287837415
320  14.290757068791233  46.323866825859305
321  13.532706906667553  44.101980651793205
322  19.222110919933364  55.3581782906701
323  19.83770433989267  43.57421104700114
324  17.886172847927156  52.581913404304196
325  15.441222719485715  55.46528381562216
326  17.44535169986802  42.97398321885082
327  18.363255228624915  48.78165737271722
328  18.697334438769328  46.52380152625151
329  19.195598084106123  46.194636515461184
330  13.836882754584664  52.42370307471151
331  15.896964657145475  56.29756125941066
332  19.031328996586204  52.70511348181057
333  18.906484909751292  46.34134391016783
334  14.736212121321593  56.66514661929463
335  13.795901525935676  53.670196920825425
336  16.8749313208122  56.7807297393465
337  17.59184606538894  55.95603670472943
338  19.729815275000085  57.63807100249784
339  15.98657410898009  59.392933077453115
340  12.765292231881414  52.00385797882346
341  50.103989016447855  88.74020676588059
342  44.07136783068588  82.2100148595857
343  59.85653304857237  83.60977192382313
344  40.368699678580334  73.47010558118319
345  44.91357434566783  88.11102889226134
346  46.473799469822104  87.73736100649961
347  50.85680225111143  80.29158916339486
348  46.20285478459307  75.8295278712793
349  57.56400997754103  73.81150161186508
350  41.32505895323756  78.87523893673027
351  45.538718605058364  71.608452927759
352  54.11882097274625  73.02786799573852
353  49.41888901695562  79.43842666491929
354  47.024314635347594  76.48186597488328
355  46.464201577526715  85.43337891276914
356  52.344822469689625  76.29225206355149
357  58.65846612331119  73.1758589900369
358  56.79761603230153  86.87667111180761
359  58.797096293725545  75.75544029383543
360  41.42893266750113  82.18825121075227
361  40.08400228236112  71.26604835801606
362  57.82395594843328  88.798740888309
363  50.616576047901404  89.44068542831447
364  51.11024482110402  74.52488150944347
365  55.20650597790504  78.6759815324226
366  55.72300720180437  85.57370341531347
367  58.90178824865332  89.90968034143026
368  52.12319031821131  77.87757242381707
369  45.498937830232315  81.18046576761047
370  42.62592657107843  79.577418797228
371  59.347481093549376  88.40920702345576
372  47.47632677275451  84.51376389895202
373  59.029592956701904  75.7751706805411
374  45.280678706766935  75.49577369174688
375  52.16615262897754  72.67084677410082
376  42.153343914641084  75.36448047336359
377  46.70982657044668  87.46465386515654
378  43.71675327616219  89.43161116720245
379  52.65752588100345  78.42566774505687
380  44.58591668047059  87.56197535887505
381  42.209480717814934  71.69729842130353
382  49.824459531603075  71.29894844160206
383  44.025229397487834  72.49913798955649
384  54.96617509426021  72.81915777649222
385  43.47945358158427  82.11811083912423
386  53.77327187640973  88.88765959572066
387  59.67521681187034  78.7729651610088
388  56.69068474150876  81.92053476601035
389  55.4869849147461  80.5553358236929
390  55.42692243589479  76.18215097314955
391  41.946377881501434  81.60816437548372
392  58.660976703699085  83.72872242139715
393  50.99076443010372  77.89544694756142
394  48.61727756002988  89.73763634018323
395  59.840226040938944  88.89957790119914
396  41.90414666978617  88.33387656452182
397  57.53424357334622  88.64132209703978
398  55.432762047714604  70.4672814787048
399  53.38989165907091  77.54993152580977
400  42.082579377644535  73.70571175313624
401  58.52786786391177  86.77735395994503
402  42.607765669303134  71.10749302987035
403  55.69801083990658  84.96313321769017
404  42.64790681458463  86.6570693668398
405  45.693427307837624  89.7548702310322
406  57.35716656142945  78.65065212513449
407  57.456582449245445  74.33696324173407
408  44.4254402637843  88.08815003670819
409  59.65838386089066  82.07708105887221
410  48.90898890050569  72.34381800352475
411  46.125289029717734  87.96592013033425
412  41.1982774849594  82.1362112309964
413  45.57824376770737  80.92803872875261
414  58.09704780614032  88.63641409382788
415  45.37703856069352  71.1685584052678
416  48.314279887885434  85.80438307477016
417  54.546613549354035  74.38864729931498
418  56.92643873243398  84.54235242787908
419  48.7653225493962  81.45162825215459
420  46.251423710287156  76.3078766834504
421  45.53644333116087  86.75205516889667
422  49.43357348228402  77.56141115311618
423  55.017498474959375  81.36725171273952
424  48.53414622700816  89.12421630638423
425  47.19423561030371  70.0088989372396
426  54.40263572581195  79.51867369205074
427  48.19350268710231  76.17816645911932
428  50.55679091080696  86.56962434014261
429  55.08628375872628  77.59630280951075
430  57.54087211446219  72.39044632683543
431  46.36722664312927  80.55698963716615
432  49.48249919669413  74.37994041890359
433  55.455644715595966  74.8716489419813
434  43.48925729704584  82.47866513879586
435  42.00242428135386  74.75087903407845
436  49.86656373399442  87.88551805341856
437  41.86073499368735  83.51289206473626
438  45.71911218683033  79.7009045144994
439  50.88407043725048  75.32987957457466
440  56.92843577357942  73.81264058050796
441  50.86915799178992  76.88195244805523
442  57.025082574140285  75.57192390516474
443  54.06571637308923  72.48773830460989
444  49.75978785151941  77.90024146092757
445  56.58655661830612  70.13987602104741
446  46.33934300438121  81.09669927730052
447  41.459338738239786  77.82079344189088
448  52.76616319620259  79.44734459363086
449  48.79301972774951  78.33205206564234
450  45.344469465973546  79.61387070701045
451  51.04113324791415  88.06521237467851
452  44.781760112982276  85.58192301646525
453  48.62329085989295  89.17273998257235
454  56.659149604311075  81.35061362178088
455  42.213444163538476  89.18377797011945
456  44.14728913050296  88.49871975693293
457  54.62141437133437  86.8937904007227
458  54.821352252839446  73.28079759045107
459  52.35188598202645  76.27973984684886
460  49.75000380455458  84.04478590787761
461  56.89004339514085  88.71663092986721
462  56.530085529541964  86.56965584404277
463  41.20782143223133  81.8331824324691
464  54.79429686990231  70.87194167741498
465  40.978175661392164  84.9829893007265
466  47.93182974330201  87.38704807235442
467  55.43052548891861  72.24469532893167
468  42.75227917750663  79.22224006995106
469  52.06904619351427  76.56916298950406
470  43.315013111872084  80.6174022767073
471  46.540272507181456  76.83476623989533
472  54.270232724943014  85.12017957176558
473  59.21975342238879  71.18471581407715
474  57.058586407645315  78.71499665825827
475  44.70688427565882  87.438820536689
476  45.07803846437546  88.77032303192178
477  50.16487022963007  83.40170324757393
478  57.22489723575874  76.73661216871683
479  57.23936897798697  76.90033223435736
480  53.51698451377264  85.42851494029176
481  40.38837759261754  84.16242084700892
482  58.48718519758739  88.65325332535757
483  46.86422829870136  86.4847992957774
484  49.28518260011052  82.2090724345385
485  43.63827216850884  74.29756780715361
486  49.854515017999915  78.74979827693147
487  57.21452407051352  71.72536691933128
488  43.69999509231751  82.13519244958647
489  44.316576627022684  87.80826170159759
490  51.49508699646768  70.9437357089236
491  56.51583110643914  76.80224387950446
492  49.826364628218464  77.52020859336113
493  56.82211260150933  78.11903263784006
494  51.24995922327491  87.33202396974647
495  56.50378968752996  80.5648004276336
496  45.03334177718745  89.06572276094573
497  40.58240288404953  82.75777281352248
498  44.534862808937596  79.46102975398624
499  44.208047959011694  77.31580143035974
500  45.67682927195315  86.59962978953195
501  42.11453739336065  77.77218964413927
502  47.7849419925434  78.3526991131073
503  50.64376532092154  76.82323933923945
504  57.281580280824045  71.78594631475664
505  49.27060769880303  79.78430151172462
506  41.060363612593136  72.86193577024628
507  52.52590218071763  70.73577721729384
508  44.66112940003502  79.87369068664557
509  49.02547691201542  82.008049035411
510  54.01068108044773  70.65140104255259
511  41.37162290904109  89.15702188255858
512  46.54895416824098  84.76147861302701
513  51.458469103396176  77.50747662627975
514  55.646610393065956  85.47949693760754
515  51.11355368056054  80.61468254001491
516  40.23294803931725  85.73732098408651
517  45.09216605802008  71.38291604929103
518  51.365836555370784  70.7323460982572
519  59.447832055024875  74.06747459124873
520  43.306903625861665  70.04133702181687
521  41.76864955730231  78.14611569323027
522  49.09488148418502  87.39168259571879
523  45.22683270427841  77.70481006397537
524  55.19646998097933  87.37900951156212
525  47.549151891526094  72.54222395677172
526  57.76884860381361  72.53264902085745
527  49.29550700471798  77.73872382214051
528  57.93709190976446  87.4727029892621
529  45.33787146887591  77.77193472494115
530  51.24345114981285  82.33281183034124
531  51.12156702973305  73.03585802595045
532  44.680760729658914  71.89177765942394
533  47.34352188887991  81.2628041626048
534  52.67150931147928  84.34058834978201
535  42.14197435659336  85.27198335748416
536  47.7742942257387  77.02333287123378
537  44.39480636883174  76.08115912624066
538  51.86146352552107  76.75912452409989
539  49.31571966427552  74.28313285348906
540  55.32995974166201  71.94524646040003
541  49.76429863952493  74.63770535108267
542  50.907944589366025  83.2936641094338
543  53.875494227044726  75.40237496990298
544  46.62455537171053  75.52590246425264
545  44.236078815596386  74.04231592218756
546  53.74182891624128  78.8265115518583
547  47.25092155492377  76.72742252982009
548  58.32427978599196  79.76942688074429
549  59.942370624544914  79.06906668987266
550  50.97947499738817  70.9488441646585
551  42.76370780291462  82.05387475930614
552  43.15253790369681  78.84204822357994
553  46.569711032516864  84.89634757932545
554  53.817398315230854  81.5015877163169
555  40.12880261725824  77.14530864406507
556  55.359704503388784  84.52450337118186
557  41.71153448438452  71.40739927719025
558  42.61827712593486  74.3739569296089
559  44.484999224342346  84.51788296193767
560  58.16471477482507  88.13952427409441
561  41.07452824481417  70.79823215597284
562  52.5216901693183  74.47683913592576
563  40.8874318905083  86.88804360359994
564  49.505747465158976  77.65905926136746
565  49.487500809031104  70.67688065971774
566  48.44445153317601  86.57366763609338
567  46.45057078745939  89.00897163836973
568  45.54701672758058  83.47270000112144
569  46.313287065907986  71.58673190104405
570  56.4144677872702  85.11532453505478
571  44.27035542774165  78.4052046957581
572  45.188478091972  70.43453625352426
573  50.932132579062845  89.53332988949103
574  54.42509239149604  74.60693056724043
575  50.56693692828404  81.15564077049666
576  56.539255805072905  85.59573988138257
577  40.90087659760832  75.91517620831551
578  51.560870583329574  78.99406907398448
579  41.72408333423959  72.12259560528025
580  41.149552422952944  89.26264840339013
581  44.68411735362902  88.22407274801746
582  46.417346213883995  76.82416798883227
583  45.62602094555676  74.87311856853746
584  51.06052655539217  86.18673055806939
585  47.70377398026469  76.41888489709844
586  42.74681677223592  88.27973749578972
587  59.26055364094701  80.09834581582935
588  44.78396535227646  79.7305655293463
589  46.95904320890027  79.50942848737112
590  57.076278893566496  76.39916013976669
591  45.19574663403162  87.17931972930432
592  46.98484973819254  73.30204216759176
593  47.349145657234196  86.13397559938363
594  48.304212933184765  71.80128573828195
595  52.82511937294692  88.69774933423517
596  56.478305984075014  77.5624062838251
597  49.9637091742067  87.94867673903269
598  40.508004370429894  76.87229960877211
599  57.7884285316557  79.79285131677807
600  52.46657848544201  70.3393634285378
601  41.398475859984345  85.61395884073971
602  52.42221045899111  71.32389287213027
603  48.96569925693663  79.24722611740349
604  42.57372835607324  87.55478430293842
605  57.56502557550164  81.10812585827136
606  53.139191635617806  79.34406138854621
607  42.87930441651155  76.92255309175027
608  54.91126976712354  78.79338685818044
609  48.468667223451014  80.95034198720461
610  55.126234672841946  73.05495448762834
611  40.835429620035825  77.07475320889091
612  58.16089230854115  79.50066614962842
613  52.21051692275253  72.74178285186981
614  47.09062197615743  76.86097011158755
615  44.373352660842244  73.13499672108057
616  46.63565504735958  84.70238163461076
617  52.731792575575824  87.66331508473041
618  54.20788784077621  75.76591847050335
619  43.11271523127642  74.63058852337605
620  42.006406597593724  80.55778102042046
621  51.704291809775256  82.94551517897213
622  49.69740366851731  79.0260718007764
623  49.9876267798101  71.19070664921956
624  47.247793697776885  85.31757740088571
625  40.71886861802185  84.44649258285386
626  51.75039687759967  77.8012587269712
627  44.58825157992759  86.28548349719715
628  44.11196043298172  75.51718140062817
629  55.84640649081795  80.49998246473197
630  41.146475373649466  75.48517708966236
631  42.01386786576334  72.68191496550772
632  45.9206123393172  76.16172692026022
633  40.60138449485961  77.99595807132908
634  55.300497438301136  88.15503658012678
635  44.39517897242537  77.96826984012358
636  58.02245811491747  78.58880827586233
637  58.81165999033662  85.23186198171477
638  51.43617928646749  83.24191188575595
639  59.895397455000825  84.09112362910389
640  44.51035124132942  71.42032309810483
641  45.263226307196625  70.86466404866876
642  50.752153878873706  76.88227912376219
643  43.796587505642904  85.46079879591508
644  42.39893293921224  71.58354393172844
645  45.7421845048587  71.09798629221456
646  51.693737303773894  86.88518622575755
647  55.096672034433126  88.41858189114944
648  40.91634317670703  81.6707254944687
649  48.67410373933707  79.90493135007749
650  43.5270109782004  76.13179591660807
651  52.43520862781292  72.18104356469992
652  45.15003512218397  81.04515869319292
653  51.02392178906119  78.58377515596645
654  44.600331720569  74.8665651983236
655  57.170672579015374  71.64247987760585
656  51.63393749922665  80.54818089687338
657  54.97077494941894  77.1851703740127
658  59.19261056157756  76.5681186870348
659  52.46213603268093  85.34938635281257
660  52.22900928871972  75.12198558455253
661  40.46906007589878  79.98056320934546
662  58.463059987346284  78.25442307394049
663  49.70732284491109  89.76430113672052
664  48.4555348355786  88.78734034133792
665  40.75918094581913  80.2282264260505
666  48.45501244467701  82.11050545143269
667  52.02226395182325  87.7533390824045
668  40.83476508246429  84.964287926682
669  53.18502676680841  86.17673709335834
670  53.990608538528924  71.67498316412937
671  50.04124595263174  89.51131932774126
672  57.15964050408158  84.54356372834657
673  56.390867493653865  70.62993743650753
674  50.041622946516966  80.223233567621
675  42.239138933653855  83.80061957413824
676  43.57962446335068  86.30239695650056
677  58.552091338498656  74.50270456589206
678  57.17456993951599  71.62689198867021
679  49.11165446952631  76.05052155411968
680  58.08321750233145  20.70651433531969
681  60.4649760195825  22.660316996697265
682  57.241743588985614  18.682145683519874
683  61.79216072929287  17.70305855700131
684  59.8226052145265  16.632538508812768
685  63.78129246937024  17.759574194538335
686  56.11588921523195  17.7229099517911
687  58.99978728055815  23.884411751591887
688  62.037444621794904  16.939418305653746
689  58.00855767435619  15.046338514464086
690  64.09807975729866  22.04201112506239
691  56.006322707314766  17.52178272798502
692  57.57077276733347  21.484158286214388
693  55.28094254591016  24.147620476748273
694  60.81261976774442  16.651778689033264
695  62.423281481124896  15.426679592117138
696  57.9384338503287  24.26664364265939
697  60.99822748062162  17.935007586558527
698  62.5420666655979  22.702581836246026
699  64.59252320165217  23.867832290874027
700  60.86477191016484  20.216957884537056
701  61.205746200432934  22.735533528863805
702  64.72406242166063  20.344619220779588
703  63.30596555163039  20.022168352665624
704  62.658955380185255  21.4812846678414
705  59.20233930540891  15.486939147797852
706  58.77150791967262  24.491360798603523
707  62.43497212276342  23.096993015745497
708  61.95229080701161  16.71568132101735
709  64.60925009269462  17.012355431067007
710  62.944298029970895  17.031851160978597
711  56.31044928077306  22.258773438730962
712  59.05950481731108  18.248665693187398
713  64.7946668556898  17.441943648841683
714  58.92944946580751  15.259759029733454
715  58.486314934376345  17.038014100278783
716  61.952385922696024  23.292688293039866
717  60.77698800172718  17.014806016052322
718  59.868146391203595  15.266627632669756
719  63.312654458470575  21.766551934234762
720  60.09935690224789  23.164848598176484
721  56.51863307772991  22.41742220550023
722  62.449043618634946  15.302529819936106
723  60.39947023636561  17.53809327251152
724  55.6383617320497  18.77547019854142
725  56.997026408840135  24.061679425697704
726  56.83322487591622  21.892841115770572
727  55.20428274554125  16.858954094661893
728  61.05642217402122  23.108250783815436
729  55.52729805211919  23.55917046745684
730  61.70544524761972  19.68452039717871
731  61.60786796717849  23.11101230615872
732  57.69896987684045  24.452763604892194
733  57.26673574542642  24.48484336717634
734  59.25832423957091  19.331166016437365
735  62.87643576643216  18.366143825396424
736  56.62265383137423  22.454889021341504
737  63.7669939371307  17.54093066595216
738  58.06956780980848  15.644459613218705
739  57.738127601853634  15.556578861907017
740  60.00469726847036  17.34622129682329
741  63.02691421144528  23.43251272015737
742  61.74518950445172  15.12728008748296
743  64.23631381697074  24.164718498343657
744  57.924652266330774  22.408749078768057
745  64.34988729773308  21.203982859727837
746  62.14402094099883  23.129277453270507
747  58.14538525924908  24.953960206320453
748  61.213437516892824  22.771745989188876
749  63.32165953779025  17.395172299445175
750  55.15760700989041  23.757192066018455
751  57.67556776925992  16.08729140745696
752  55.814589823140224  16.391191469753306
753  60.56868043747392  23.645791040952616
754  58.44632416454593  21.900564585792303
755  58.95193898519223  18.776426023900843
756  59.19062618066451  24.652470045707318
757  55.62390988202726  21.17954636317619
758  59.98887402347791  22.274462216197847
759  55.57993058649472  15.169401088385701
760  57.100072246667345  16.072787252616646
761  61.65966436574057  23.095652045549386
762  63.85190288168151  23.584952268266015
763  59.37273043957783  15.699686664569647
764  63.445538408175004  17.8417449361255
765  62.60478601539801  18.174673154024205
766  59.72275026552779  24.07637504637988
767  62.69378023727336  15.782352919160479
768  63.33534820636363  22.125644464378002
769  63.627139519887066  19.912339005236657
770  57.37909157992794  19.923276775794204
771  58.785493766907486  24.365487129943737
772  63.508948228334496  19.95274088402139
773  55.98431958986829  19.57280610841655
774  59.40627167153129  17.211522895309464
775  59.42355743055488  20.611340956783007
776  64.95700524968942  16.65689967933788
777  60.51801909296142  17.67472720663903
778  63.33842447627153  16.41346373821168
779  58.16648542267516  19.342165203250154
780  59.025047431020965  22.95023572086324
781  61.06197698151743  18.83361807536688
782  63.0179068194159  21.149100867020838
783  63.83102388307135  19.354958045498357
784  62.379509445990436  17.636278954959433
785  57.575233968941454  15.573717930744857
786  59.05425486042056  18.16804527142228
787  62.6175153401549  18.332282174789725
788  56.549018796808745  22.807087804238044
789  61.70988359810612  17.702537335588527
790  61.796359599931094  22.249457839861005
791  60.198267297476534  21.235533834338618
792  58.55986316662323  23.651775143573683
793  56.4694320405576  16.629109397697807
794  62.99718133087893  19.131134999679208
795  64.83920268720381  18.104905843246513
796  64.39304543647698  16.40760141664786
797  62.70239985861926  21.531273633758367
798  60.099594599084156  23.271580949818997
799  56.07674842980207  22.8576146553903
800  56.42935293376786  17.772513965268846
801  61.442586471781524  24.777837208006826
802  64.51668713343355  15.756593380874325
803  58.65994872004438  16.296362842993897
804  59.97072847817702  15.966856726301005
805  61.34524145581446  24.221423794749928
806  58.87165211619091  22.881082551788058
807  63.275817181853256  21.50074119609206
808  60.114176659008855  15.071885176481585
809  61.6641238304517  20.450517928034618
810  57.98045416815413  24.349001374216925
811  62.01960687177513  15.461146584494658
812  59.478402633792655  23.687773363917657
813  62.5828711673205  19.402671964740602
814  59.68509665892422  17.08714125917942
815  64.76830140719812  16.010954325681837
816  64.3689600761093  17.55206668585882
817  56.214934346340044  19.95779372028299
818  58.68201265484677  22.370328595333262
819  60.001052527156126  19.306880147649068
820  63.67000995650074  24.041622003600033
821  56.6372961053552  18.291416514865126
822  60.18535504532824  23.850955226695348
823  59.77734253027835  20.649518535407196
824  58.008674814101155  20.63008344337366
825  58.547231082354784  17.87054832446365
826  55.695221405222526  23.35081994920116
827  55.53735121460203  19.966127698747478
828  64.7348630100962  19.075733898164525
829  60.866069455873756  22.358403425977922
830  63.031135991304346  24.026359568086402
831  62.42637881211469  15.727150532501735
832  60.92233999552257  20.207502588558615
833  59.445833688207145  18.726279252719344
834  62.48302173619129  21.99740134430476
835  55.58454910417992  20.689801793906135
836  63.081730494245704  24.967606404934315
837  62.61251329317589  21.609994231468928
838  62.18516190929168  15.995078983843417
839  64.09599552299034  17.5317000477405
840  56.371139919747925  21.186863264464286
841  59.96670486297674  19.657784456037863
842  62.78074284658627  20.6299331621191
843  63.67794927696201  23.22508313987109
844  61.33932685114828  22.354127396706044
845  56.59211100281944  22.76402524935148
846  56.48122056552714  15.77079252634178
847  58.53965463921208  15.595456824687648
848  58.26509818703014  23.001474587959517
849  60.03910966908326  20.764721193170402
850  64.41987297294303  17.82746622881044
851  59.97617149322906  19.13851374240827
852  57.28115499158639  23.233699789340342
853  58.496387656550645  17.138357212619105
854  61.7241875576058  15.921061147056845
855  60.55751465080574  21.56468241024931
856  56.80624923811505  17.064787216991206
857  55.735698597076336  21.154050954506374
858  62.76952135409913  22.191591032667063
859  59.8033930175982  20.785151663623694
860  63.13978034039437  22.980525653307982
861  56.58791434657402  23.45512416143109
862  61.641190256030484  19.854697634111286
863  64.39624658386623  21.22235868675149
864  62.05437624330357  23.603709101087965
865  55.973497105219195  24.153517031285453
866  61.36984976031823  15.62082232696739
867  57.019015552004845  17.70640930970229
868  57.55849116962398  23.984993936781343
869  61.00440682613687  20.26088179427076
870  57.416707350436624  21.970975533593556
871  57.262252575958556  18.525555227165476
872  55.53236958495782  17.224800823521267
873  64.97202850728436  15.223667392402255
874  57.537420340847326  18.8537309805493
875  55.64058582013419  21.289254739139167
876  64.88231806714136  18.84606284181971
877  62.95280541946961  17.03502283434222
878  61.4847465596298  21.305146552941732
879  64.20525456828393  17.35898435373136
880  61.327954584817775  23.89506250178274
881  63.89244704122551  17.395029382360377
882  59.664428746802876  17.719335600799322
883  58.29286426109929  16.882651563404554
884  61.016948431238305  22.260736609238947
885  61.03378377212428  22.097236963648502
886  60.97455525202557  22.134069980217667
887  57.48740950237388  18.980691121828308
888  62.99100540430473  17.281050233393078
889  56.53781588823339  24.083865149842513
890  60.78826016663757  19.594086029468123
891  64.43786243205145  18.039356027211745
892  63.2270169810066  20.95709830052017
893  62.85400840219572  17.48974845655695
894  57.23225238225585  15.873509675247114
895  59.7331125385118  15.483832012937473
896  57.22399804408355  17.908621771681815
897  62.29927824251163  16.426100445013365
898  63.37924254222837  20.695845602110396
899  57.3509094942475  20.639588686603624
900  62.870092952121745  20.23006346663451
901  59.342147781091555  20.719322886447895
902  59.29207631665839  24.006564474537576
903  62.33199999206592  20.573990881140425
904  56.822414442747665  18.89442744047946
905  58.421584618916306  17.012202744548002
906  62.594648008699515  23.573821307971194
907  56.49828153154406  20.006114916675006
908  55.384954248636674  18.59729795235634
909  60.06750518454199  16.32233074551411
910  57.54943996181627  19.61327824652225
911  62.97273536151204  18.17554613462615
912  63.52957552974597  22.47478801403537
913  60.790488058910725  21.88329012048399
914  63.57964213647395  23.938159203708736
915  58.536298052076845  18.37350275823071
916  57.01690823696251  24.19951459485304
917  59.3996048984282  15.909546853743747
918  60.7532729651175  15.915484394098042
919  61.50881455460594  16.586723893891833
920  61.39284890792714  15.09331393789069
921  58.888306628254114  18.572745971721695
922  55.468272636171434  21.77600217540697
923  60.076484132787684  22.328328238097292
924  64.66204527563515  18.318176918034588
925  64.09614798082637  16.95408473700551
926  57.46732292824489  15.990605667818404
927  60.477843613699065  15.368465200234613
928  62.51942607539294  22.82306098524986
929  64.87591402956522  19.68250966903453
930  62.81383118040241  24.069004486957084
931  60.42334994568718  17.314622097564513
932  62.796684675681604  19.735966497413944
933  62.68558824251932  15.702853501058561
934  64.53270534246873  15.098215527212178
935  64.29034868021893  22.04540502327724
936  58.77255962986552  22.605248045534196
937  63.51103306597652  15.94960126511466
938  61.07597652067658  16.466104373429527
939  60.62703167652678  18.613876892621384
940  59.34058367308978  18.372516768451298
941  59.64165076173295  24.664085639494314
942  56.790932794397996  16.234846478055417
943  61.39367107168827  17.36252275562273
944  57.998529679955155  16.36742166521325
945  61.06904283551285  23.6200400504
946  61.207071575858194  18.999856501661387
947  56.5248288423046  20.968717730291626
948  62.76776682628881  24.427377128866162
949  63.6842360155388  22.368990009331597
950  56.60596488377466  22.52239655233288
951  57.49231159752347  16.77657845088263
952  63.819752836590695  17.953878271295864
953  56.28546911304514  24.9562677787902
954  56.288401035628375  24.532130827517758
955  61.449329648346335  15.472018335127846
956  64.38593984749544  18.847595576300172
957  56.2435346353053  23.68091561165712
958  56.52598082364235  15.808706309767885
959  60.51468743674479  18.214485480216904
960  58.76230184151348  15.063419670858998
961  55.966934914302584  22.6322219968119
962  56.60593138539337  22.47489927996308
963  60.31757600207608  16.260695127606265
964  63.158128966758724  24.239981748376266
965  60.111440269969776  23.858857347987932
966  60.6428897773842  21.917858216992222
967  61.41015989741611  21.027515135984643
968  64.76622033756873  21.7368202316859
969  59.53413589535993  17.556453659741017
970  60.119854098925785  16.552664062583727
971  55.673484548247906  15.384897647362553
972  61.25556615689619  18.89749285020322
973  62.33823294835655  23.10198399394849
974  58.67462852746044  20.728379318856717
975  64.08209990662782  20.622924085571757
976  58.94141528048769  22.705727257931933
977  60.21815655980788  16.66846813601483
978  60.95400114182136  16.66607819439348
979  60.969070628740454  18.69774686681416
980  57.042616253953184  19.53443941385507
981  55.336652428444765  20.76209487031091
982  60.452749977510685  24.405500046228802
983  64.29245108165811  17.69646211782084
984  63.390262480860876  16.074376139189713
985  59.68843148058063  16.08927662549597
986  61.74107758056447  15.057797034420574
987  58.79546594474955  21.540092699347124
988  57.962211806052466  20.558069855103554
989  64.81091153903229  18.50048890433311
990  61.076294837114006  20.653434442380654
991  62.12362147239757  18.90229964708414
992  57.042202827788884  17.602188055528675
993  56.03643534847521  23.695217931541006
994  55.4547196003213  20.86709495997942
995  64.66469603442778  23.900330819305985
996  57.260532580067554  23.138498942372486
997  63.85704685359255  23.10278227788325
998  60.32200165635618  16.946369387271346
999  62.08062285773287  22.199400725294595
1000  56.79262999943078  19.292306720373663
1001  57.545581244387726  21.167833929896837
1002  61.215184125613305  16.62233487515472
1003  60.34850199514864  19.02903684343608
1004  59.726131412334034  24.806277432396087
1005  64.38707418972835  18.212663432078863
1006  63.67557326900144  20.145464565996022
1007  58.31161619101243  20.13528887762399
1008  64.3949092077063  19.69434116062223
1009  57.727642505054966  19.9612447066997
1010  59.71482706418209  17.452482585684063
1011  55.37300484920651  15.966315143158711
1012  60.92722063616953  20.878291666904936
1013  56.87042830366125  17.354270871911027
1014  60.89025640304294  15.755198570667178
1015  62.294675592121244  16.966686825596568
1016  63.85278029786896  16.647340509267906
1017  59.28105134352603  16.611149484335833
1018  64.68458118745232  23.093820133932812
1019  61.71761315565155  21.321713817532697
1020  63.427554278620185  20.650220547431154
1021  61.93333490351911  16.965014800332558
1022  60.964215347988656  24.119027609020904
1023  63.65969519599896  21.823409780492646
1024  58.43762538204799  19.505218065855402
1025  55.07701592415462  21.04102580669695
1026  58.45539059076176  22.1428592214438
1027  55.91823477643976  19.232328507984228
1028  59.03077815906446  21.606753858271567
1029  63.89799152916947  15.048484660746329
1030  58.58144571635126  22.673120826178547
1031  58.32326160948263  18.77541407644614
1032  57.94378542632065  24.859476909090294
1033  63.33772022626944  24.132252885285986
1034  60.55512721837544  18.48581219381372
1035  63.62748535004372  23.951721655104464
1036  56.59415384825944  16.610711821365012
1037  64.79512924491212  15.395360527488425
1038  60.97966002084748  17.0022619531584
1039  60.77458180640025  15.815247392228779
1040  115  95
